# unix_time, cycles_done, cur_path, paths_total, pending_total, pending_favs, map_size, unique_crashes, unique_hangs, max_depth, execs_per_sec
1624072103, 0, 82, 165, 164, 44, 10.19%, 0, 0, 3, 11207.49, 65256
1624072108, 0, 153, 219, 215, 45, 10.41%, 0, 2, 4, 12172.28, 99616
1624072113, 0, 198, 248, 238, 61, 11.40%, 0, 5, 5, 522.58, 124295
1624072118, 0, 207, 270, 259, 64, 11.41%, 0, 7, 5, 13306.33, 163281
1624072123, 0, 259, 295, 283, 63, 11.45%, 0, 9, 6, 926.58, 201184
1624072129, 0, 239, 313, 300, 66, 11.83%, 0, 13, 6, 1226.35, 216443
1624072134, 0, 239, 323, 310, 66, 11.87%, 0, 17, 6, 9547.56, 224982
1624072140, 0, 239, 333, 320, 66, 11.91%, 0, 21, 6, 434.14, 239436
1624072140, 0, 239, 335, 322, 66, 0.00%, 0, 21, 6, 0.00, 243212
